x y
2.197 0.2283
1.506 0.4262
1.3856 0.0795
0.7482 0.4753
9.069 0.4187
5.8252 0.4424
3.9906 0.9603
4.5355 0.7266
5.224 0.3878
7.0598 0.1114
2.5496 0.5769
3.7186 0.4004
9.857 0.785
6.4092 0.7553
7.1805 0.7466
5.8482 0.163
3.8969 0.6061
7.2109 0.3492
3.4336 0.6592
1.4437 0.8471
6.1152 0.3678
0.2429 0.9785
7.3823 0.8453
7.9198 0.5668
7.9426 0.5202
6.2711 0.7953
7.0144 0.5163
4.4221 0.3289
3.3781 0.2029
2.3404 0.4322
8.806 0.5509
4.1975 0.6897
8.9089 0.172
3.2618 0.7374
2.8053 0.9361
0.009 0.0492
8.4672 0.8621
4.8612 0.2283
9.2131 0.5854
4.958 0.7919
4.2117 0.5076
2.741 0.6038
8.6052 0.2483
5.9621 0.6733
1.2757 0.0404
9.4644 0.3357
1.6563 0.0235
4.287 0.9506
2.7268 0.7476
6.2265 0.8314
5.2083 0.5774
2.4067 0.2144
9.2552 0.9008
2.0614 0.653
9.9686 0.5939
4.7486 0.5461
2.4321 0.7231
7.8155 0.0597
2.4409 0.5372
6.9744 0.3853
7.6043 0.2412
6.7594 0.7762
1.5158 0.1177
6.3587 0.727
7.9318 0.7569
6.0539 0.1903
9.249 0.4827
5.3847 0.5166
2.7068 0.8491
9.209 0.3487
5.2667 0.8656
0.3968 0.0772
9.5378 0.2938
1.5617 0.3775
0.0351 0.9617
9.6585 0.3694
3.9995 0.3029
4.5121 0.519
5.5179 0.6592
7.949 0.1743
3.7154 0.7391
9.787 0.422
4.3389 0.9829
8.1746 0.7327
5.6697 0.6465
3.9691 0.8957
6.2616 0.8952
2.9328 0.1335
0.0384 0.555
1.2315 0.1834
6.9753 0.0248
1.5328 0.3103
1.1339 0.9738
3.7671 0.1271
0.1257 0.5687
8.5506 0.7738
6.565 0.855
7.4952 0.3904
4.2249 0.3168
4.404 0.4155
1.5853 0.7959
5.5796 0.7852
9.6595 0.0205
4.6991 0.1366
6.7528 0.9608
8.0768 0.8829
8.8875 0.1943
1.0336 0.9084
4.134 0.707
4.9484 0.0967
8.5886 0.495
7.3351 0.5919
5.2301 0.6854
5.4732 0.9548
4.5827 0.4576
3.7386 0.4681
6.9046 0.5468
3.0369 0.4528
5.1233 0.4409
1.4059 0.177
0.3887 0.7887
1.6397 0.6784
1.1316 0.3442
6.9475 0.5801
2.2436 0.2369
6.9121 0.7785
5.3501 0.3286
6.4614 0.9302
2.2827 0.1054
5.5862 0.903
7.4996 0.4891
7.3413 0.0083
2.4263 0.1656
6.7988 0.2567
2.3925 0.8669
2.1253 0.9286
2.6048 0.5736
3.879 0.94
5.5847 0.7312
2.4906 0.4937
3.1835 0.6646
5.6377 0.4606
6.2787 0.911
3.3163 0.7655
5.9272 0.7874
0.4822 0.3036
7.7814 0.5986
4.0611 0.226
2.4823 0.2672
6.3547 0.3256
3.9114 0.7655
1.6912 0.2462
2.0806 0.784
7.9789 0.0202
8.8941 0.7992
0.4716 0.2761
5.8358 0.6478
7.4927 0.8061
7.3014 0.6715
9.5819 0.5381
1.5473 0.6066
9.8185 0.4134
3.1844 0.2563
9.79 0.4048
7.8046 0.2839
5.9679 0.5477
6.3678 0.4117
8.2199 0.9048
8.3981 0.8421
6.0574 0.0723
7.3803 0.8142
3.7048 0.2233
3.0859 0.646
4.3209 0.2004
0.7619 0.6969
1.0366 0.7122
3.7628 0.7924
1.8775 0.3402
0.1329 0.0959
6.1801 0.4285
6.6895 0.2284
3.7198 0.2649
4.7018 0.1642
6.4611 0.7527
3.0041 0.2496
1.7022 0.793
8.4965 0.4015
5.619 0.6412
4.2891 0.1188
4.8747 0.1294
6.6839 0.1492
2.9789 0.9542
6.7941 0.6981
1.7354 0.0762
3.9259 0.938
3.6023 0.1305
5.4859 0.4235
4.1847 0.2147
3.9361 0.4486
4.1383 0.3533
9.883 0.5742
0.45 0.1063
3.578 0.38
0.7413 0.7259
4.6331 0.085
2.3473 0.8424
4.099 0.266
8.2582 0.2686
4.8345 0.4885
8.6919 0.9937
4.6952 0.0464
8.4509 0.713
7.7114 0.1578
6.5251 0.5365
6.1708 0.9073
3.5521 0.3497
6.2343 0.4086
8.4297 0.05
8.8458 0.6496
2.5427 0.2549
3.3726 0.1646
6.3598 0.4708
1.4532 0.2847
1.5802 0.1925
1.4799 0.7025
8.1324 0.1614
0.6725 0.9491
7.5698 0.2449
4.783 0.5145
6.6318 0.2025
3.4695 0.3762
6.989 0.6159
9.597 0.1746
9.7721 0.3699
8.3087 0.2325
2.1531 0.4257
5.6144 0.6346
5.3836 0.3748
5.8905 0.6734
2.829 0.1241
5.4514 0.2476
2.5167 0.43
7.2037 0.0519
3.5844 0.8025
7.3751 0.6365
5.4586 0.6767
8.0617 0.745
6.1975 0.5457
4.9123 0.7284
4.1729 0.8013
4.0261 0.1387
5.8198 0.533
8.9314 0.3196
0.3974 0.2245
3.4285 0.0894
2.81 0.9114
4.7384 0.8534
0.6088 0.8707
9.6283 0.9077
0.3447 0.5499
3.3809 0.7729
9.8891 0.1202
6.5969 0.1446
7.977 0.8882
8.7956 0.0716
7.9105 0.848
9.3231 0.8353
4.0592 0.8743
5.5942 0.6657
4.9546 0.9312
5.7385 0.4289
7.0237 0.5232
1.8796 0.2733
8.5888 0.719
1.0004 0.8566
9.1326 0.7137
7.8237 0.6612
8.3508 0.32
1.6491 0.2246
1.4133 0.6651
0.154 0.3424
4.4072 0.5697
2.1352 0.9009
4.3781 0.3134
7.8003 0.2949
4.3263 0.5712
3.5123 0.8464
7.3998 0.8775
9.2738 0.9965
6.4193 0.0184
1.4048 0.0428
1.8742 0.6176
0.6946 0.1982
6.7202 0.7003
5.0117 0.2565
2.6329 0.4425
8.8979 0.6567
0.9853 0.7044
2.5963 0.8329
5.2739 0.1475
4.7362 0.0922
7.829 0.0997
6.4044 0.2062
6.2242 0.0129
6.5978 0.1004
5.2727 0.5255
3.3559 0.2819
5.8955 0.6304
1.6239 0.8606
7.998 0.4111
8.9753 0.3842
9.2806 0.2025
8.598 0.6778
6.5221 0.3661
0.5435 0.2791
9.1709 0.7684
0.3385 0.2802
9.333 0.2063
9.4965 0.9863
7.9005 0.9947
5.0024 0.4942
2.1205 0.5019
0.2091 0.0392
9.3643 0.5151
1.0352 0.1623
5.88 0.826
4.3637 0.1591
6.0065 0.5307
5.0919 0.2249
5.257 0.0584
7.5575 0.5383
9.7972 0.423
0.759 0.3148
0.7785 0.3752
4.1182 0.5757
0.8627 0.9521
2.8143 0.0048
5.1977 0.3765
8.5853 0.1477
6.8637 0.5944
8.8156 0.9548
1.6855 0.8512
3.5311 0.1529
5.6458 0.9068
5.82 0.8718
9.7197 0.4251
5.4071 0.3803
3.254 0.0247
7.0728 0.0532
1.1105 0.6523
0.9962 0.5312
0.2795 0.0014
2.2805 0.6263
0.2143 0.0228
8.4288 0.2469
2.5176 0.4639
1.9363 0.0337
6.0791 0.9194
6.0844 0.4361
7.5615 0.3629
6.9312 0.762
6.7078 0.8318
8.3212 0.2762
2.2328 0.9105
0.7514 0.2386
7.2026 0.0249
7.4659 0.2506
1.383 0.3299
5.4769 0.0167
0.1429 0.0454
9.3245 0.0348
0.5648 0.0125
3.8848 0.3363
7.364 0.4642
6.5231 0.5924
6.6354 0.4879
3.8011 0.0522
4.6 0.6254
5.4533 0.3101
6.5398 0.1494
2.9319 0.0368
8.6918 0.8093
4.3714 0.1509
1.2452 0.0417
3.6785 0.8742
4.4656 0.4216
7.8933 0.6274
5.4359 0.8727
5.9975 0.0428
0.6444 0.8664
8.6366 0.7549
6.3257 0.2836
9.6318 0.8503
3.3406 0.5384
8.0435 0.143
4.0849 0.5036
5.6215 0.5981
3.0354 0.3904
3.7978 0.4292
1.924 0.3698
6.2654 0.8358
5.7706 0.9059
2.3769 0.0488
1.4976 0.8856
0.7023 0.5146
0.6586 0.4528
3.7225 0.6298
1.3331 0.2887
8.8735 0.7631
8.7826 0.1922
0.9231 0.9792
7.5888 0.6359
0.5477 0.9842
9.4452 0.5224
3.7216 0.304
3.2582 0.935
2.7475 0.9479
4.0913 0.565
5.6489 0.8978
2.5514 0.6013
7.6331 0.4337
9.1934 0.7081
9.3961 0.9859
6.3644 0.3404
9.0236 0.8457
7.5692 0.9141
9.8924 0.948
2.3804 0.9029
1.3621 0.7197
5.9859 0.7553
5.3268 0.3938
0.3537 0.2466
5.4601 0.2866
2.1346 0.2485
0.6869 0.2523
3.9303 0.1638
9.2907 0.1817
5.1415 0.5417
9.893 0.5833
5.2979 0.5028
1.7118 0.8712
6.7751 0.0279
9.3175 0.12
2.9622 0.4851
5.064 0.1427
7.1706 0.2316
9.0774 0.072
9.9967 0.7292
5.2854 0.223
5.2797 0.8024
6.8106 0.231
4.0251 0.6327
6.4198 0.8199
2.9574 0.4771
1.6448 0.8654
9.5549 0.0834
2.4105 0.6639
5.7372 0.1343
2.9379 0.2722
4.6877 0.0728
7.9749 0.7001
1.2576 0.3946
0.4967 0.124
2.7641 0.603
1.4334 0.8065
1.4147 0.7072
7.5971 0.7753
9.2385 0.3224
4.1374 0.467
8.8294 0.1558
3.1373 0.1415
0.6305 0.5227
8.7591 0.6482
4.6311 0.4161
4.5827 0.0607
8.3269 0.0355
4.399 0.1909
3.8296 0.9911
5.3385 0.3847
9.3685 0.7778
8.9998 0.2017
7.6167 0.8836
8.6014 0.3074
6.3748 0.7959
5.0783 0.2403
2.8168 0.1714
0.308 0.4147
8.9166 0.4969
0.1872 0.5543
0.4026 0.3897
0.2111 0.874
5.3853 0.6897
1.9631 0.4625
5.5679 0.9513
2.5883 0.0113
1.4322 0.1638
4.2931 0.415
1.07 0.4884
4.9441 0.5908
0.0785 0.1449
2.4915 0.1296
3.6119 0.1983
2.6162 0.0362
6.348 0.4346
6.0228 0.5452
7.9083 0.9119
2.145 0.7498
0.396 0.4708
1.2107 0.5779
7.2131 0.2028
0.3064 0.6263
7.58 0.7545
9.062 0.8027
7.0106 0.9114
3.2378 0.1528
7.481 0.6366
9.483 0.1931
9.2593 0.4649
7.547 0.5997
9.8381 0.0108
6.2564 0.9547
0.4275 0.4379
6.395 0.2823
4.4209 0.0981
0.1177 0.7823
2.3025 0.114
4.5195 0.2539
0.16 0.7737
6.4784 0.7469
6.6833 0.7323
0.5092 0.2648
8.5153 0.2801
1.0523 0.751
1.7665 0.8279
6.1779 0.8945
5.5733 0.4511
5.2805 0.806
6.2682 0.9675
8.778 0.5614
8.4513 0.8232
9.2739 0.2924
3.1531 0.5886
0.2786 0.5962
7.966 0.6473
0.1216 0.0211
4.9334 0.5333
1.0658 0.4662
3.8161 0.5494
8.5585 0.1893
7.086 0.7106
3.7942 0.3716
4.0376 0.3037
3.2432 0.7459
1.5494 0.4637
2.7626 0.6859
9.2722 0.4571
2.6007 0.3912
2.7475 0.4823
5.1406 0.6768
3.0046 0.6248
2.8545 0.1427
6.7337 0.0917
2.0554 0.6243
7.6447 0.251
8.2126 0.3986
9.6828 0.1318
2.2685 0.964
7.0461 0.8162
6.7403 0.9661
2.9466 0.487
9.932 0.3925
6.8507 0.6486
5.3915 0.6566
9.4692 0.2042
5.4824 0.2863
9.7324 0.8634
5.2784 0.492
9.2028 0.9459
1.249 0.2894
5.581 0.6001
3.2341 0.7972
4.7435 0.24
0.9935 0.6857
5.4447 0.9778
3.5867 0.3981
1.8981 0.1222
8.4803 0.4547
6.6277 0.6417
5.9715 0.0214
7.8679 0.2436
1.2592 0.5646
0.6861 0.7652
2.0716 0.216
8.697 0.3286
1.4755 0.9005
0.0284 0.8584
1.4469 0.13
2.5065 0.1745
6.6106 0.0258
0.1486 0.79
2.3793 0.3238
1.7425 0.0524
7.4172 0.5261
7.4567 0.4762
7.7802 0.5132
1.0905 0.5038
9.4542 0.0434
7.8323 0.867
5.2145 0.458
9.6403 0.0608
4.7898 0.4016
6.861 0.4903
9.097 0.0735
0.8079 0.6083
0.6568 0.275
6.3308 0.5484
3.2519 0.9946
5.3056 0.4537
6.0543 0.0992
7.0178 0.8528
6.5092 0.769
7.2084 0.215
4.5155 0.2285
3.3893 0.4535
4.1599 0.0951
4.2676 0.6651
3.743 0.1526
9.2299 0.0671
8.3177 0.0932
0.9656 0.7388
8.1177 0.5564
5.8647 0.5616
3.2965 0.1222
3.536 0.6653
7.5028 0.8681
7.2106 0.9684
6.0041 0.3516
5.7792 0.2127
6.5674 0.2242
1.0822 0.8454
3.6756 0.7626
5.741 0.8072
8.4516 0.9745
8.1843 0.6136
6.427 0.0263
9.2908 0.8295
2.6745 0.1804
7.027 0.309
3.3982 0.0061
8.6986 0.5663
4.0078 0.1419
6.3317 0.0307
7.4611 0.2151
4.1983 0.3409
3.7005 0.7216
7.7684 0.5676
0.8496 0.0526
1.5741 0.6178
6.7397 0.2721
6.6194 0.4857
4.4204 0.2732
7.5494 0.1138
4.2991 0.2832
6.7849 0.4866
6.6713 0.0454
3.9526 0.5993
0.0769 0.3014
2.1123 0.1372
2.5552 0.3281
0.0773 0.747
1.7569 0.3802
7.0367 0.5003
8.3335 0.8062
0.7208 0.8618
0.423 0.0187
9.2116 0.8621
5.7576 0.5734
7.095 0.4177
1.1517 0.0209
3.2477 0.8013
6.1813 0.832
9.1977 0.0881
8.4448 0.2433
5.8887 0.524
3.9577 0.3103
3.3951 0.3331
1.6813 0.5105
1.1403 0.51
9.0592 0.3494
7.2738 0.8189
8.1504 0.2363
1.4644 0.1973
6.024 0.7602
6.5551 0.1771
7.7285 0.4941
7.5445 0.7599
4.4891 0.9242
5.6449 0.6353
6.2452 0.8642
6.2722 0.151
0.6829 0.4422
3.0282 0.2747
0.5617 0.5073
3.1041 0.4519
0.5689 0.8317
0.7673 0.8643
8.5529 0.615
5.0707 0.4627
5.5432 0.7918
8.9588 0.4497
8.0982 0.6518
3.2153 0.4756
1.5086 0.0619
1.035 0.8991
3.4344 0.7143
5.0455 0.1726
2.4774 0.4378
4.3942 0.5227
1.5875 0.3729
2.8289 0.4088
3.3837 0.5979
7.8923 0.6473
0.6591 0.0945
6.7838 0.2841
7.2373 0.6566
9.0634 0.8733
3.3336 0.5827
1.4143 0.3498
9.677 0.6985
3.9196 0.595
9.38 0.3096
3.7668 0.7917
8.1318 0.6701
8.2896 0.7388
6.8541 0.5264
6.4602 0.4234
3.6183 0.3626
1.8026 0.2142
9.4767 0.4863
2.2654 0.1376
0.7717 0.8444
1.0114 0.7709
8.3512 0.8837
0.3775 0.3368
7.6631 0.131
3.7672 0.1622
8.3135 0.7711
8.0904 0.1655
4.3767 0.4109
6.7636 0.2375
4.442 0.2849
7.4854 0.4489
5.3401 0.3095
8.0862 0.469
8.3511 0.3678
9.4713 0.9844
4.6168 0.2818
3.8187 0.5275
9.6627 0.8169
8.0126 0.1384
2.5 0.6412
8.7412 0.5545
1.0259 0.8459
8.5117 0.2851
7.6312 0.2728
9.0531 0.1473
4.3747 0.9464
2.2204 0.4511
3.4959 0.0267
0.5326 0.502
2.3578 0.9945
3.7491 0.0282
9.3083 0.8392
6.4996 0.7914
1.376 0.2869
8.2976 0.6961
1.3879 0.7055
4.486 0.0053
0.7923 0.2559
8.3496 0.5488
7.2723 0.5278
1.1119 0.2881
3.0115 0.0477
4.1983 0.7939
4.5711 0.1109
9.0515 0.5967
0.1644 0.5154
2.4194 0.1436
4.2924 0.6148
2.4056 0.4166
6.6437 0.0856
9.7465 0.0677
5.2606 0.5073
9.8833 0.5542
3.9045 0.4701
6.3567 0.981
2.5365 0.0162
7.8852 0.3448
7.3294 0.6283
7.715 0.7352
3.3252 0.0443
5.4601 0.8135
1.7509 0.7791
4.6462 0.6954
6.3174 0.8115
0.631 0.7762
4.5768 0.2934
0.4381 0.1995
0.4191 0.9334
5.1538 0.9891
5.4303 0.2533
7.5329 0.1911
3.5697 0.7808
8.658 0.3319
1.2448 0.368
8.8949 0.7433
8.9464 0.3866
9.7372 0.4962
4.9752 0.9243
5.1928 0.8011
7.2708 0.0789
6.0245 0.8223
5.4547 0.3212
0.8007 0.6609
3.065 0.6026
4.2612 0.6898
3.5155 0.0424
8.7004 0.3526
9.9815 0.2746
9.8003 0.9479
0.7504 0.6375
3.6331 0.8011
6.7941 0.9528
1.4278 0.6076
7.8131 0.0348
0.6723 0.7785
3.6633 0.3829
5.6724 0.6051
6.7906 0.9488
3.7201 0.7631
5.7392 0.5295
3.9803 0.6496
2.4961 0.1134
7.3567 0.499
3.8699 0.5617
2.6178 0.2603
4.4627 0.9964
2.8558 0.9165
4.912 0.1226
8.5283 0.452
8.9868 0.4451
0.8779 0.6819
8.4552 0.3196
3.4743 0.0649
5.4217 0.8913
8.5136 0.7118
9.2732 0.6377
7.937 0.5088
1.2136 0.201
1.3888 0.7904
0.2628 0.554
3.6891 0.8037
5.5165 0.6119
0.8622 0.3093
9.996 0.7189
5.257 0.7692
8.2334 0.0738
9.7238 0.6423
4.4997 0.6801
3.4451 0.878
7.8026 0.6398
1.8196 0.9663
4.3262 0.9107
0.5541 0.1242
1.5302 0.1647
3.2266 0.7093
3.4602 0.9409
8.9493 0.8459
2.5061 0.6351
5.5084 0.1252
3.0282 0.5335
5.0257 0.1686
9.4161 0.1542
6.5873 0.7206
6.0514 0.8425
5.6362 0.8252
0.2837 0.0455
6.4145 0.5768
6.5113 0.767
4.1659 0.639
4.9804 0.6272
2.8967 0.9567
4.8294 0.8047
6.8499 0.2974
0.7297 0.0599
4.3961 0.4843
2.0402 0.6067
3.1258 0.7184
7.342 0.8608
9.7537 0.1308
3.7054 0.5617
3.1912 0.4665
2.6747 0.2479
0.9681 0.2902
3.8415 0.6154
2.4827 0.8653
1.597 0.3274
5.7769 0.3127
7.6312 0.4983
5.1472 0.4988
3.0854 0.0232
9.4523 0.5054
9.6669 0.2151
3.529 0.0505
4.9489 0.8823
6.5426 0.4706
5.3669 0.8472
4.3093 0.8825
7.2751 0.7639
3.6594 0.4006
5.7028 0.1947
5.5322 0.0735
5.0426 0.7644
2.7972 0.9891
6.804 0.1188
9.7508 0.3939
7.949 0.3391
9.3895 0.755
1.9906 0.5091
5.0008 0.0453
1.3704 0.333
4.7374 0.457
6.0626 0.5155
3.2797 0.6131
1.625 0.9906
7.3932 0.2992
3.3637 0.8283
5.3234 0.7087
2.9979 0.8157
3.6836 0.6738
9.799 0.5837
7.9675 0.7253
6.8804 0.0266
4.7459 0.9671
7.829 0.7762
5.7763 0.7214
5.8352 0.1705
6.2903 0.6197
8.4117 0.1478
6.8073 0.0316
9.4821 0.1099
0.1894 0.3137
1.5143 0.6905
4.1038 0.775
9.2052 0.8728
7.3584 0.0623
1.3808 0.2073
3.2505 0.6622
5.2548 0.3138
1.7318 0.9121
3.4233 0.3543
7.7199 0.7209
6.4331 0.6933
6.1008 0.1923
2.4652 0.5581
2.2487 0.9729
2.9761 0.289
2.0728 0.705
3.1704 0.3488
9.337 0.7954
2.7346 0.1219
6.7662 0.3797
9.8016 0.8184
9.5461 0.8046
2.9045 0.2876
7.1414 0.3464
4.4238 0.2564
4.7908 0.2021
5.3858 0.933
6.9617 0.1373
6.1568 0.5868
2.4246 0.6698
5.3104 0.6379
0.5249 0.4133
7.1736 0.1005
7.7077 0.0052
5.5035 0.9291
4.0691 0.935
8.784 0.4774
1.9946 0.9639
3.2117 0.6459
9.0794 0.0895
5.7413 0.5352
7.2312 0.9367
9.1323 0.1751
8.8224 0.1758
9.1963 0.9972
3.9699 0.4954
9.3661 0.9621
9.2604 0.8767
0.0927 0.568
1.073 0.983
2.8456 0.9891
5.433 0.4939
9.3856 0.8511
4.6802 0.1928
1.1265 0.1625
4.5891 0.2573
1.862 0.7366
7.9077 0.5678
7.5728 0.1755
8.5615 0.897
8.2699 0.5153
0.8674 0.6693
1.8478 0.1406
3.236 0.248
2.6079 0.2355
7.5376 0.954
3.0195 0.7229
0.1144 0.6537
6.9277 0.0621
1.1822 0.3068
4.0542 0.5025
8.9512 0.7036
3.1098 0.1174
9.1613 0.295
6.1463 0.2191
1.3357 0.1532
7.4773 0.6057
4.1585 0.5492
4.7083 0.5375
6.6409 0.2184
2.4747 0.7547
8.7314 0.0819
4.4675 0.7038
0.781 0.5642
0.6176 0.5476
5.0549 0.5727
1.4985 0.3281
5.2034 0.1162
2.054 0.5831
0.9094 0.5104
8.0869 0.4534
5.1325 0.4568
0.5774 0.4624
8.0692 0.7233
3.9595 0.8165
7.458 0.5783
0.4529 0.3445
0.6376 0.9941
9.3458 0.069
9.3378 0.0317
4.0887 0.769
7.6583 0.9783
6.4588 0.4204
9.9286 0.3825
8.6962 0.9068
3.7565 0.6827
6.6179 0.5393
6.5353 0.3478
1.7847 0.5373
5.2884 0.7279
2.2269 0.0035
0.2274 0.2984
6.735 0.5444
5.3193 0.8234
2.4751 0.3462
2.7565 0.9374
7.2502 0.1128
8.0948 0.4192
7.6605 0.8838
0.1565 0.2061
1.009 0.0336
5.9778 0.7033
0.4868 0.7405
4.0227 0.2343
2.1727 0.8637
0.5644 0.5039
2.8926 0.8158
7.3152 0.3189
5.9792 0.6725
3.2067 0.3018
6.3943 0.025
2.7503 0.2232
7.3647 0.6767
8.9218 0.0869
4.2192 0.0298
2.1864 0.5054
0.2654 0.1988
6.4988 0.5449
2.2044 0.5893
8.0943 0.0065
8.0582 0.6981
3.4025 0.1555
9.5721 0.3366
0.9275 0.0967
8.4749 0.6037
8.0713 0.7297
5.3623 0.9731
3.7853 0.552
8.294 0.6185
8.6171 0.5774
7.0457 0.0458
2.279 0.2894
0.7979 0.2328
1.01 0.278
6.3568 0.3648
3.7018 0.2095
2.6698 0.9367
6.4804 0.6091
1.7114 0.7291
1.634 0.3795
9.8952 0.64
5.5695 0.6846
8.4285 0.776
2.2905 0.0321
3.1545 0.2677
2.1098 0.9429
8.7637 0.3147
6.5544 0.3956
9.1455 0.4589
2.6488 0.2466
5.6137 0.2627
5.8459 0.8978
3.994 0.2193
9.9754 0.5095
0.9091 0.0471
1.0965 0.6274
7.9208 0.4222
0.6353 0.3816
9.9612 0.5291
9.7108 0.8608
0.1148 0.7207
6.8171 0.537
2.6683 0.641
1.1155 0.4348
4.5372 0.9538
8.7585 0.2634
5.0059 0.1787
9.1263 0.8705
2.9844 0.6389
6.0897 0.1528
7.6251 0.5394
7.7863 0.5304
0.0057 0.3242
0.1948 0.9291
8.7872 0.8317
3.0751 0.0579
8.7801 0.9469
0.8565 0.486
0.6921 0.7606
7.6583 0.1284
4.7528 0.5498
2.6506 0.8724
4.2314 0.2118
5.393 0.7299
2.0115 0.3117
9.9515 0.6499
4.381 0.5176
1.21 0.2247
3.3809 0.5883
2.3011 0.2202
0.7099 0.6311
2.2894 0.9054
8.5964 0.0709
2.38 0.669
2.1424 0.1323
9.3551 0.571
4.7267 0.7846
8.075 0.1904
0.9693 0.4311
4.2358 0.467
7.2908 0.6734
9.8417 0.0984
4.0262 0.3393
8.6167 0.2487
1.9021 0.4486
4.2188 0.2785
2.4981 0.9233
4.4313 0.8613
5.5033 0.0506
9.9928 0.836
9.69 0.9264
8.487 0.1663
4.8564 0.2137
4.0104 0.0586
3.7897 0.9853
2.652 0.7841
4.5501 0.423
9.5732 0.9954
5.5577 0.7184
1.548 0.2967
9.6871 0.5792
5.422 0.748
0.5717 0.5842
5.0285 0.8527
1.5743 0.9608
0.8011 0.1858
5.9504 0.6752
2.352 0.1199
8.9029 0.2462
5.9452 0.6194
4.1922 0.5837
5.2278 0.9347
2.0426 0.7162
2.3869 0.3958
6.7169 0.3
3.1618 0.7519
0.7254 0.4583
9.9845 0.9961
0.7326 0.2132
2.652 0.9333
8.8086 0.8793
3.6953 0.1577
8.3374 0.7035
6.1168 0.9872
6.5398 0.0078
8.171 0.2994
6.6339 0.9389
1.3429 0.1154
1.0704 0.5532
2.7235 0.6048
7.1761 0.2036
6.3424 0.264
4.8853 0.9053
8.461 0.0923
4.2358 0.2767
0.0355 0.7711
6.3711 0.262
7.4123 0.5517
4.2769 0.0097
0.7524 0.8831
9.0393 0.5456
8.346 0.5825
1.4809 0.1274
3.0826 0.899
7.9612 0.8607
8.9892 0.2101
2.4953 0.1028
7.8012 0.8841
4.0638 0.6207
1.5455 0.9299
8.6461 0.9762
8.1077 0.8814
0.2479 0.7366
3.3219 0.9308
8.0224 0.8641
8.1075 0.2668
7.8737 0.1081
8.7217 0.8586
2.2243 0.8166
4.603 0.3052
7.9535 0.2276
0.2366 0.1931
3.2826 0.8644
9.6689 0.2791
6.4148 0.3997
9.8115 0.5362
9.3924 0.1153
9.704 0.1786
9.6253 0.2655
1.084 0.4346
7.2855 0.3137
6.0621 0.5114
3.852 0.5766
2.5472 0.7088
0.0169 0.9256
5.3845 0.7194
7.4195 0.6706
3.6422 0.07
6.6424 0.3302
3.1392 0.848
7.1975 0.3003
3.0928 0.4084
4.024 0.2957
1.2729 0.4204
9.4036 0.6773
9.0281 0.6155
3.0095 0.5479
0.0041 0.2869
4.2989 0.58
6.5471 0.465
4.4216 0.2137
4.7319 0.9012
7.9602 0.1697
0.848 0.5155
6.3294 0.3352
8.1842 0.7511
6.728 0.2246
1.9913 0.0244
2.4484 0.4751
8.4974 0.0728
4.1444 0.6298
1.9444 0.6964
4.9438 0.244
6.5606 0.0055
7.5096 0.77
1.0659 0.4251
1.7589 0.958
5.1796 0.0502
2.492 0.8483
4.5646 0.8014
6.6758 0.9879
5.9545 0.95
8.9143 0.6127
7.1927 0.5048
8.3057 0.5479
8.9721 0.7437
4.7467 0.2592
2.4724 0.6377
7.6581 0.5213
6.2675 0.2746
0.7748 0.2857
2.7172 0.3197
5.4015 0.1384
2.3126 0.6939
7.0642 0.0642
4.076 0.5426
4.1577 0.2068
4.2014 0.9048
5.8408 0.6955
8.5673 0.7656
3.8038 0.0059
3.5176 0.7535
8.5345 0.9534
4.1902 0.7475
5.4613 0.6033
2.2054 0.2194
4.3584 0.029
3.3613 0.6791
4.0432 0.165
4.6739 0.1276
6.2226 0.027
3.9402 0.5644
0.271 0.6427
1.357 0.4617
0.5028 0.3791
2.1166 0.3268
7.6123 0.3791
7.5201 0.8319
2.5227 0.0819
0.1938 0.5394
9.9991 0.35
6.5014 0.7812
6.5175 0.7542
9.4961 0.1994
0.2038 0.1524
1.2622 0.6695
5.6397 0.218
6.9946 0.7669
1.6779 0.6072
7.4793 0.1145
8.193 0.9647
1.081 0.0257
3.1196 0.6773
9.5817 0.3967
7.1501 0.076
6.9061 0.6272
1.019 0.7725
8.5029 0.6004
1.2106 0.9838
7.8264 0.3472
4.2838 0.3706
5.0596 0.3412
8.4958 0.8223
1.0554 0.9608
6.3559 0.8287
7.0731 0.4355
7.338 0.9655
2.7008 0.8082
5.3817 0.4835
4.3557 0.731
2.684 0.8517
8.3073 0.0867
8.8163 0.2439
4.6471 0.6103
3.7899 0.0287
8.5095 0.1818
2.1212 0.7978
3.4034 0.8803
7.0118 0.2763
0.1015 0.9481
0.8561 0.7201
4.8858 0.7582
6.9061 0.6459
4.9082 0.7929
0.9305 0.2216
6.9179 0.3062
5.8156 0.4733
5.3092 0.4255
7.4594 0.3308
7.0285 0.2709
2.514 0.1207
1.9258 0.1196
5.3586 0.7622
1.8515 0.2164
4.842 0.7246
9.7661 0.5246
2.83 0.1005
1.9412 0.2275
1.7944 0.0141
5.3414 0.2743
9.7429 0.5534
6.9742 0.1263
8.6846 0.4909
8.7272 0.5741
4.694 0.4405
1.8436 0.0514
9.4106 0.4777
8.2212 0.4007
0.7408 0.6294
0.5361 0.1492
5.6284 0.3038
9.9392 0.1185
7.6444 0.6063
7.9074 0.2257
5.2257 0.4505
4.4272 0.8602
9.9003 0.3054
6.2103 0.6096
7.4009 0.9476
2.0779 0.211
6.6043 0.1571
1.7381 0.0751
0.0268 0.4505
5.9381 0.2913
2.3148 0.707
7.0299 0.454
6.8738 0.9239
7.8783 0.6251
6.6118 0.9337
4.2514 0.5446
6.4763 0.9084
8.2663 0.0714
1.6592 0.3076
7.4896 0.5692
2.8861 0.1244
6.8868 0.6997
9.4268 0.5005
4.938 0.0804
0.3986 0.432
3.2232 0.2504
0.9133 0.9619
8.3596 0.5752
9.5079 0.9996
6.7228 0.2695
0.4023 0.7563
4.705 0.6515
9.1607 0.1815
5.8533 0.6348
4.9173 0.0912
3.4796 0.3333
6.7013 0.8577
3.298 0.6937
2.8822 0.9452
8.1357 0.5501
4.5483 0.3145
3.2327 0.9702
4.0418 0.5146
9.8812 0.6577
5.4259 0.4132
1.8758 0.3618
7.5644 0.6254
7.5999 0.2036
5.4922 0.9277
4.3812 0.6983
1.2143 0.9731
6.0887 0.2393
1.5838 0.5508
5.5225 0.0932
9.9226 0.9129
4.6145 0.1175
8.3214 0.4984
7.166 0.5089
2.7342 0.8347
9.8024 0.2437
5.5127 0.3836
9.2187 0.5082
8.7933 0.864
2.7625 0.79
4.1494 0.9342
5.0774 0.8205
2.8284 0.2986
5.8694 0.9989
4.8964 0.1486
5.3858 0.3451
5.5192 0.5434
4.5534 0.3218
1.8865 0.6975
5.718 0.2336
7.7554 0.0436
7.4471 0.7052
8.1141 0.3861
6.6369 0.8207
9.8082 0.4953
0.3702 0.5023
5.9018 0.8697
8.7419 0.4403
5.2595 0.4569
7.2244 0.41
6.5478 0.1544
4.6949 0.9692
3.3856 0.6927
6.4984 0.8518
8.5234 0.8593
3.8001 0.3167
7.1872 0.7594
8.7238 0.0359
0.6842 0.6312
9.2093 0.9974
7.4677 0.434
0.9844 0.6337
8.7258 0.4437
6.94 0.9034
0.4599 0.7961
2.9337 0.3748
1.4557 0.5312
5.6593 0.7925
1.6998 0.079
8.7084 0.6197
2.4083 0.9128
1.4312 0.4611
2.5398 0.2553
0.094 0.8046
9.0121 0.6776
1.5798 0.4417
3.4557 0.5876
6.3894 0.4243
2.501 0.8453
1.9922 0.3847
4.8321 0.2372
5.7192 0.5748
9.9269 0.2952
9.7794 0.6582
2.7448 0.5659
6.858 0.7447
0.4904 0.6064
4.9673 0.9042
2.8619 0.7989
6.0706 0.3523
6.3662 0.6209
6.7776 0.7209
6.5918 0.8383
6.2825 0.9034
6.4634 0.3089
4.4082 0.5796
7.3236 0.0901
2.9511 0.7475
1.7564 0.1322
5.3941 0.9715
5.3085 0.9135
8.3047 0.257
8.2469 0.4818
8.0649 0.7466
3.3872 0.1152
9.6289 0.1408
9.665 0.8601
7.2422 0.9799
9.6727 0.8046
3.6578 0.7907
0.1392 0.5366
4.5479 0.6728
6.7234 0.5846
8.2242 0.9403
1.0835 0.2338
0.2502 0.8842
5.6141 0.9153
2.2137 0.0632
8.2386 0.9094
3.0219 0.4083
1.3978 0.9463
3.0436 0.4926
0.9719 0.8873
1.3566 0.4536
6.7049 0.7431
9.4597 0.4191
7.4227 0.1545
4.1488 0.099
4.8935 0.4081
9.5152 0.0327
3.7053 0.4434
9.5056 0.8555